0 0.005430
1 0.001486
2 0.010165
3 0.000699
4 0.000393
5 0.000354
6 0.000510
7 0.000434
8 0.000438
9 0.000423
10 0.000474
11 0.000429
12 0.000314
13 0.000320
14 0.000329
15 0.000338
16 0.000402
17 0.000380
18 0.000432
19 0.000434
20 0.000351
21 0.000496
22 0.000375
23 0.000426
24 0.000311
25 0.000386
26 0.000346
27 0.000368
28 0.000368
29 0.000364
30 0.000405
31 0.000424
32 0.000423
33 0.000348
34 0.000323
35 0.000950
36 0.000527
37 0.000887
38 0.000764
39 0.000869
40 0.000609
41 0.000801
42 0.000804
43 0.000747
44 0.000597
45 0.000617
46 0.000964
47 0.000587
48 0.000804
49 0.000621
50 0.000616
51 0.000589
52 0.000877
53 0.000942
54 0.000790
55 0.000983
56 0.000706
57 0.000789
58 0.000797
59 0.000748
60 0.000742
61 0.000829
62 0.000581
63 0.000908
64 0.000674
65 0.000762
66 0.000885
67 0.000779
68 0.000806
69 0.000628
70 0.000876
71 0.000843
72 0.000493
73 0.000880
74 0.000708
75 0.000718
76 0.000720
77 0.000758
78 0.000777
79 0.000959
80 0.000780
81 0.000978
82 0.000434
83 0.000412
84 0.000806
85 0.000712
86 0.000758
87 0.000515
88 0.000626
89 0.000382
90 0.000464
91 0.001110
92 0.000554
93 0.000381
94 0.000441
95 0.000546
96 0.000445
97 0.000473
98 0.000439
99 0.000338
100 0.000406
101 0.000429
102 0.000331
103 0.000428
104 0.000329
105 0.000374
106 0.000331
107 0.000394
108 0.000304
109 0.000428
110 0.000321
111 0.000325
112 0.000344
113 0.000298
114 0.000371
115 0.000338
116 0.000381
117 0.000375
118 0.000361
119 0.000331
120 0.000330
121 0.000361
122 0.000347
123 0.000377
124 0.000390
125 0.000355
126 0.000359
127 0.000332
128 0.000307
129 0.000311
130 0.000333
131 0.000325
132 0.000327
133 0.000344
134 0.000323
135 0.000334
136 0.000294
137 0.000299
138 0.000302
139 0.000303
140 0.000336
141 0.000316
142 0.000328
143 0.000372
144 0.000339
145 0.000316
146 0.000343
147 0.000345
148 0.000315
149 0.000325
150 0.000331
151 0.000318
152 0.000313
153 0.000288
154 0.000297
155 0.000317
156 0.000330
157 0.000389
158 0.000424
159 0.000408
160 0.000405
161 0.000409
162 0.000400
163 0.000528
164 0.000452
165 0.000496
166 0.000476
167 0.000471
168 0.000468
169 0.000467
170 0.000447
171 0.000415
172 0.000392
173 0.000377
174 0.000323
175 0.000329
176 0.000303
177 0.000284
178 0.000299
179 0.000296
180 0.000285
181 0.000309
182 0.000302
183 0.000309
184 0.000312
185 0.000292
186 0.000281
187 0.000295
188 0.000281
189 0.000282
190 0.000329
191 0.000352
192 0.000351
193 0.000367
194 0.000327
195 0.000305
196 0.000294
197 0.000330
198 0.000291
199 0.000298
200 0.000285
201 0.000289
202 0.000310
203 0.000326
204 0.000347
205 0.000336
206 0.000408
207 0.000294
208 0.000290
209 0.000316
210 0.000303
211 0.000287
212 0.000318
213 0.000297
214 0.000306
215 0.000349
216 0.000312
217 0.000359
218 0.000348
219 0.000352
220 0.000324
221 0.000321
222 0.000304
223 0.000318
224 0.000344
225 0.000327
226 0.000324
227 0.000323
228 0.000329
229 0.000299
230 0.000324
231 0.000327
232 0.000311
233 0.000290
234 0.000327
235 0.000320
236 0.000318
237 0.000362
238 0.000325
239 0.000318
240 0.000337
241 0.000281
242 0.000314
243 0.000328
244 0.000333
245 0.000380
246 0.000366
247 0.000342
248 0.000337
249 0.000346
250 0.000308
251 0.000289
252 0.000313
253 0.000309
254 0.000338
255 0.000355
256 0.000371
257 0.000381
258 0.000362
259 0.000362
260 0.000389
261 0.000374
262 0.000339
263 0.000329
264 0.000344
265 0.000324
266 0.000281
267 0.000334
268 0.000319
269 0.000312
270 0.000335
271 0.000321
272 0.000299
273 0.000344
274 0.000326
275 0.000331
276 0.000321
277 0.000299
278 0.000301
279 0.000298
280 0.000299
281 0.000293
282 0.000297
283 0.000321
284 0.000343
285 0.000356
286 0.000340
287 0.000330
288 0.000317
289 0.000359
290 0.000359
291 0.000371
292 0.000358
293 0.000358
294 0.000374
295 0.000316
296 0.000331
297 0.000315
298 0.000308
299 0.000283
300 0.000592
301 0.000463
302 0.000291
303 0.000279
304 0.000317
305 0.000329
306 0.000307
307 0.000356
308 0.000279
309 0.000309
310 0.000304
311 0.000326
312 0.000310
313 0.000287
314 0.000302
315 0.000311
316 0.000292
317 0.000301
318 0.000314
319 0.000323
320 0.000334
321 0.000347
322 0.000352
323 0.000365
324 0.000371
325 0.000367
326 0.000350
327 0.000374
328 0.000374
329 0.000383
330 0.000355
331 0.000346
332 0.000363
333 0.000341
334 0.000386
335 0.000348
336 0.000334
337 0.000316
338 0.000295
339 0.000351
340 0.000371
341 0.000303
342 0.000354
343 0.000381
344 0.000368
345 0.000351
346 0.000363
347 0.000329
348 0.000291
349 0.000330
350 0.000315
351 0.000315
352 0.000371
353 0.000406
354 0.000401
355 0.000362
356 0.000339
357 0.000317
358 0.000314
359 0.000320
360 0.000326
361 0.000364
362 0.000336
363 0.000334
364 0.000319
365 0.000310
366 0.000290
367 0.000314
368 0.000316
369 0.000320
370 0.000376
371 0.000347
372 0.000297
373 0.000291
374 0.000310
375 0.000293
376 0.000280
377 0.000309
378 0.000312
379 0.000290
380 0.000305
381 0.000269
382 0.000273
383 0.000266
384 0.000290
385 0.000324
386 0.000345
387 0.000369
388 0.000354
389 0.000337
390 0.000320
391 0.000308
392 0.000296
393 0.000298
394 0.000284
395 0.000289
396 0.000301
397 0.000311
398 0.000348
399 0.000300
400 0.000357
401 0.000353
402 0.000386
403 0.000299
404 0.000377
405 0.000300
406 0.000352
407 0.000293
408 0.000440
409 0.000390
410 0.000490
411 0.000407
412 0.000468
413 0.000411
414 0.000488
415 0.000384
416 0.000472
417 0.000371
418 0.000453
419 0.000365
420 0.000416
421 0.000380
422 0.000481
423 0.000455
424 0.000460
425 0.000389
426 0.000474
427 0.000361
428 0.000430
429 0.000402
430 0.000489
431 0.000416
432 0.000506
433 0.000384
434 0.000467
435 0.000350
436 0.000434
437 0.000401
438 0.000545
439 0.000645
440 0.000364
441 0.000437
442 0.000463
443 0.000347
444 0.000557
445 0.000394
446 0.000570
447 0.000368
448 0.000528
449 0.000463
450 0.000656
451 0.000418
452 0.000398
453 0.000326
454 0.000471
455 0.000376
456 0.000406
457 0.000369
458 0.000330
459 0.000358
460 0.000356
461 0.000299
462 0.000372
463 0.000602
464 0.000433
465 0.000513
466 0.000393
467 0.000439
468 0.000314
469 0.000302
470 0.000306
471 0.000282
472 0.000495
473 0.000576
474 0.000517
475 0.000746
476 0.000459
477 0.000626
478 0.000420
479 0.000438
480 0.000465
481 0.000325
482 0.000595
483 0.000442
484 0.000510
485 0.000718
486 0.000378
487 0.000365
488 0.000390
489 0.000355
490 0.000425
491 0.000338
492 0.000406
493 0.000375
494 0.000380
495 0.000371
496 0.000453
497 0.000385
498 0.000406
499 0.000319
500 0.000386
501 0.000388
502 0.000304
503 0.000243
504 0.000333
505 0.000358
506 0.000370
507 0.000375
508 0.000358
509 0.000316
510 0.000404
511 0.000297
512 0.000290
513 0.000253
514 0.000276
515 0.000363
516 0.000350
517 0.000401
518 0.000281
519 0.000560
520 0.000501
521 0.000586
522 0.000635
523 0.000490
524 0.000519
525 0.000557
526 0.000287
527 0.000438
528 0.000618
529 0.000635
530 0.000553
531 0.000474
532 0.000404
533 0.000303
534 0.000453
535 0.000643
536 0.000460
537 0.000632
538 0.000544
539 0.000557
540 0.000439
541 0.000511
542 0.000517
543 0.000446
544 0.000411
545 0.000336
546 0.000413
547 0.000397
548 0.000425
549 0.000327
550 0.000368
551 0.000324
552 0.000403
553 0.000340
554 0.000480
555 0.000401
556 0.000480
557 0.000495
558 0.000380
559 0.000415
560 0.000445
561 0.000658
562 0.000648
563 0.000417
564 0.000476
565 0.000956
566 0.000300
567 0.000651
568 0.000390
569 0.000460
570 0.000338
571 0.000321
572 0.000482
573 0.000554
574 0.000721
575 0.000962
576 0.000790
577 0.000643
578 0.000859
579 0.000512
580 0.000691
581 0.000601
582 0.000439
583 0.000478
584 0.000418
585 0.000348
586 0.000341
587 0.000978
588 0.000315
589 0.000294
590 0.000624
591 0.000604
592 0.000564
593 0.000700
594 0.000546
595 0.000721
596 0.000636
597 0.000575
598 0.000818
599 0.000630
600 0.000419
601 0.000404
602 0.000379
603 0.000421
604 0.000317
605 0.000247
606 0.000309
607 0.000323
608 0.000336
609 0.000319
610 0.000320
611 0.000295
612 0.000299
613 0.000304
614 0.000345
615 0.000305
616 0.000374
617 0.000661
618 0.000746
619 0.000796
620 0.000721
621 0.000754
622 0.000755
623 0.000754
624 0.000759
625 0.000691
626 0.000666
627 0.000702
628 0.000610
629 0.000613
630 0.000529
631 0.000612
632 0.000578
633 0.000611
634 0.000375
635 0.000573
636 0.000512
637 0.000591
638 0.000608
639 0.000513
640 0.000364
641 0.000542
642 0.000394
643 0.000342
644 0.000332
645 0.000356
646 0.000476
647 0.000344
648 0.000460
649 0.000452
650 0.000531
651 0.000393
652 0.000396
653 0.000406
654 0.000351
655 0.000352
656 0.000337
657 0.000311
658 0.000373
659 0.000457
660 0.000454
661 0.000618
662 0.000371
663 0.000400
664 0.000604
665 0.000610
666 0.000313
667 0.000568
668 0.000342
669 0.000473
670 0.000371
671 0.000352
672 0.000365
673 0.000437
674 0.000461
675 0.000522
676 0.000297
677 0.000543
678 0.000486
679 0.000556
680 0.000426
681 0.000528
682 0.000476
683 0.000467
684 0.000452
685 0.000505
686 0.000475
687 0.000553
688 0.000396
689 0.000620
690 0.000418
691 0.000582
692 0.000721
693 0.000611
694 0.000663
695 0.000589
696 0.000605
697 0.000455
698 0.000483
699 0.000483
700 0.000444
701 0.000432
702 0.000379
703 0.000341
704 0.000385
705 0.000313
706 0.000290
707 0.000296
708 0.000334
709 0.000298
710 0.000306
711 0.000289
712 0.000306
713 0.000390
714 0.000569
715 0.000620
716 0.000569
717 0.000706
718 0.000515
719 0.000558
720 0.000597
721 0.000616
722 0.000717
723 0.000695
724 0.000593
725 0.000635
726 0.000707
727 0.000606
728 0.000615
729 0.000648
730 0.000490
731 0.000630
732 0.000629
733 0.000696
734 0.000616
735 0.000617
736 0.000661
737 0.000728
738 0.000586
739 0.000594
740 0.000664
741 0.000635
742 0.000627
743 0.000680
744 0.000671
745 0.000636
746 0.000561
747 0.000582
748 0.000701
749 0.000549
750 0.000658
751 0.000473
752 0.000472
753 0.000496
754 0.000434
755 0.000608
756 0.000496
757 0.000454
758 0.000463
759 0.000419
760 0.000477
761 0.000404
762 0.000662
763 0.000442
764 0.000708
765 0.000677
766 0.000688
767 0.000590
768 0.000643
769 0.000601
770 0.000489
771 0.000401
772 0.000371
773 0.000509
774 0.000570
775 0.000549
776 0.000781
777 0.000547
778 0.000478
779 0.000600
780 0.000465
781 0.000380
782 0.000499
783 0.000614
784 0.000674
785 0.000533
786 0.000700
787 0.000684
788 0.000635
789 0.000653
790 0.000397
791 0.000526
792 0.000762
793 0.000509
794 0.000890
795 0.000455
796 0.000564
797 0.000607
798 0.000701
799 0.000528
800 0.000405
801 0.000374
802 0.000352
803 0.000283
804 0.000293
805 0.000297
806 0.000332
807 0.000310
808 0.000329
809 0.000331
810 0.000358
811 0.000378
812 0.000407
813 0.000494
814 0.000439
815 0.000604
816 0.000524
817 0.000622
818 0.000535
819 0.000494
820 0.000704
821 0.000602
822 0.000732
823 0.000693
824 0.000734
825 0.000802
826 0.000670
827 0.000685
828 0.000706
829 0.000701
830 0.000583
831 0.000755
832 0.000705
833 0.000816
834 0.000702
835 0.000758
836 0.000816
837 0.000746
838 0.000929
839 0.000563
840 0.000745
841 0.000665
842 0.000679
843 0.000695
844 0.000515
845 0.000590
846 0.000534
847 0.000693
848 0.000591
849 0.000576
850 0.000546
851 0.001277
852 0.000468
853 0.000479
854 0.000546
855 0.000422
856 0.000338
857 0.000350
858 0.000439
859 0.000557
860 0.000495
861 0.000418
862 0.000501
863 0.000393
864 0.000414
865 0.000599
866 0.000596
867 0.000821
868 0.000638
869 0.000802
870 0.000860
871 0.000807
872 0.000641
873 0.000609
874 0.000724
875 0.000643
876 0.000549
877 0.000578
878 0.000640
879 0.000658
880 0.000568
881 0.000458
882 0.000528
883 0.000551
884 0.000498
885 0.000593
886 0.000551
887 0.000619
888 0.000481
889 0.000535
890 0.000511
891 0.000433
892 0.000602
893 0.000537
894 0.000451
895 0.000680
896 0.000502
897 0.000551
898 0.000462
899 0.000394
900 0.000417
901 0.000361
902 0.000298
903 0.000301
904 0.000315
905 0.000321
906 0.000326
907 0.000321
908 0.000306
909 0.000401
910 0.000323
911 0.000354
912 0.000304
913 0.000628
914 0.000529
915 0.000577
916 0.000470
917 0.000659
918 0.000634
919 0.000726
920 0.000806
921 0.000866
922 0.000706
923 0.000734
924 0.000735
925 0.000651
926 0.000605
927 0.000723
928 0.000622
929 0.000657
930 0.000546
931 0.000510
932 0.000481
933 0.000351
934 0.000534
935 0.000669
936 0.000533
937 0.000539
938 0.000329
939 0.000367
940 0.000445
941 0.000634
942 0.000496
943 0.000739
944 0.000629
945 0.000647
946 0.000605
947 0.000571
948 0.000576
949 0.000591
950 0.000421
951 0.000645
952 0.000546
953 0.000797
954 0.000757
955 0.000665
956 0.000696
957 0.000627
958 0.000717
959 0.000680
960 0.000631
961 0.000578
962 0.000577
963 0.000584
964 0.000503
965 0.000613
966 0.000542
967 0.000780
968 0.000703
969 0.000699
970 0.000668
971 0.000730
972 0.000671
973 0.000592
974 0.000700
975 0.000613
976 0.000656
977 0.000668
978 0.000742
979 0.000563
980 0.000575
981 0.000680
982 0.000639
983 0.000647
984 0.000654
985 0.000632
986 0.000591
987 0.000633
988 0.000608
989 0.000637
990 0.000605
991 0.000612
992 0.000625
993 0.000521
994 0.000565
995 0.000555
996 0.000598
997 0.000616
998 0.000549
999 0.000411
