0 0.001224
1 0.001059
2 0.003059
3 0.003210
4 0.002464
5 0.002467
6 0.002805
7 0.000195
8 0.000157
9 0.000148
10 0.000148
11 0.000144
12 0.000146
13 0.000151
14 0.000146
15 0.000150
16 0.000150
17 0.000158
18 0.000223
19 0.000165
20 0.000161
21 0.000159
22 0.000164
23 0.000148
24 0.000148
25 0.000147
26 0.000149
27 0.000154
28 0.000151
29 0.000161
30 0.000152
31 0.000151
32 0.000148
33 0.000153
34 0.000149
35 0.000149
36 0.000147
37 0.000154
38 0.000148
39 0.000207
40 0.000158
41 0.000155
42 0.000154
43 0.000155
44 0.000155
45 0.000154
46 0.000158
47 0.000158
48 0.000155
49 0.000159
50 0.000165
51 0.000164
52 0.000157
53 0.000154
54 0.000174
55 0.000155
56 0.000165
57 0.000155
58 0.000155
59 0.000152
60 0.000180
61 0.000179
62 0.000157
63 0.000194
64 0.000190
65 0.000157
66 0.000190
67 0.000232
68 0.000185
69 0.000084
70 0.000104
71 0.000231
72 0.000118
73 0.000086
74 0.000084
75 0.000087
76 0.000086
77 0.000085
78 0.000084
79 0.000092
80 0.000087
81 0.000087
82 0.000200
83 0.000092
84 0.000098
85 0.000215
86 0.000214
87 0.000132
88 0.000148
89 0.000172
90 0.000171
91 0.000120
92 0.000168
93 0.000112
94 0.000130
95 0.000153
96 0.000115
97 0.000120
98 0.000174
99 0.000141
100 0.000148
101 0.000528
102 0.000546
103 0.000511
104 0.000485
105 0.000106
106 0.000086
107 0.000086
108 0.000083
109 0.000084
110 0.000084
111 0.000085
112 0.000091
113 0.000098
114 0.000104
115 0.000208
116 0.000099
117 0.000105
118 0.000148
119 0.000158
120 0.000139
121 0.000119
122 0.000153
123 0.000140
124 0.000144
125 0.000146
126 0.000116
127 0.000111
128 0.000109
129 0.000102
130 0.000105
131 0.000103
132 0.000105
133 0.000104
134 0.000098
135 0.000099
136 0.000101
137 0.000148
138 0.000105
139 0.000103
140 0.000100
141 0.000098
142 0.000099
143 0.000098
144 0.000100
145 0.000096
146 0.000101
147 0.000103
148 0.000104
149 0.000136
150 0.000235
151 0.000217
152 0.000253
153 0.000176
154 0.000242
155 0.000257
156 0.000225
157 0.000212
158 0.000242
159 0.000220
160 0.000186
161 0.000281
162 0.000226
163 0.000283
164 0.000217
165 0.000290
166 0.000242
167 0.000227
168 0.000245
169 0.000261
170 0.000217
171 0.000263
172 0.000238
173 0.000211
174 0.000261
175 0.000158
176 0.000226
177 0.000269
178 0.000233
179 0.000189
180 0.000205
181 0.000230
182 0.000186
183 0.000269
184 0.000193
185 0.000193
186 0.000302
187 0.000229
188 0.000262
189 0.000234
190 0.000236
191 0.000238
192 0.000202
193 0.000231
194 0.000202
195 0.000288
196 0.000143
197 0.000234
198 0.000363
199 0.000192
200 0.000083
201 0.000430
202 0.000492
203 0.000515
204 0.000518
205 0.000106
206 0.000113
207 0.000141
208 0.000133
209 0.000149
210 0.000110
211 0.000083
212 0.000084
213 0.000082
214 0.000086
215 0.000086
216 0.000085
217 0.000083
218 0.000144
219 0.000092
220 0.000095
221 0.000091
222 0.000086
223 0.000086
224 0.000088
225 0.000085
226 0.000085
227 0.000086
228 0.000086
229 0.000093
230 0.000098
231 0.000104
232 0.000107
233 0.000111
234 0.000111
235 0.000114
236 0.000113
237 0.000108
238 0.000107
239 0.000104
240 0.000101
241 0.000099
242 0.000108
243 0.000105
244 0.000098
245 0.000100
246 0.000100
247 0.000102
248 0.000099
249 0.000097
250 0.000100
251 0.000096
252 0.000099
253 0.000098
254 0.000102
255 0.000160
256 0.000104
257 0.000102
258 0.000114
259 0.000280
260 0.000212
261 0.000253
262 0.000186
263 0.000366
264 0.000230
265 0.000180
266 0.000249
267 0.000238
268 0.000210
269 0.000215
270 0.000215
271 0.000251
272 0.000204
273 0.000270
274 0.000202
275 0.000226
276 0.000239
277 0.000304
278 0.000181
279 0.000342
280 0.000190
281 0.000204
282 0.000277
283 0.000202
284 0.000246
285 0.000539
286 0.000100
287 0.000103
288 0.000106
289 0.000293
290 0.000265
291 0.000246
292 0.000333
293 0.000112
294 0.000223
295 0.000312
296 0.000238
297 0.000221
298 0.000284
299 0.000192
300 0.000086
301 0.000374
302 0.000377
303 0.000414
304 0.000371
305 0.000087
306 0.000085
307 0.000086
308 0.000084
309 0.000086
310 0.000085
311 0.000082
312 0.000086
313 0.000084
314 0.000084
315 0.000088
316 0.000096
317 0.000254
318 0.000310
319 0.000323
320 0.000085
321 0.000218
322 0.000181
323 0.000220
324 0.000085
325 0.000097
326 0.000092
327 0.000108
328 0.000088
329 0.000086
330 0.000092
331 0.000097
332 0.000084
333 0.000087
334 0.000088
335 0.000084
336 0.000097
337 0.000096
338 0.000098
339 0.000100
340 0.000099
341 0.000104
342 0.000106
343 0.000102
344 0.000103
345 0.000100
346 0.000098
347 0.000098
348 0.000102
349 0.000107
350 0.000174
351 0.000191
352 0.000179
353 0.000207
354 0.000191
355 0.000172
356 0.000256
357 0.000182
358 0.000255
359 0.000156
360 0.000307
361 0.000185
362 0.000305
363 0.000173
364 0.000204
365 0.000144
366 0.000347
367 0.000126
368 0.000474
369 0.000170
370 0.000215
371 0.000280
372 0.000125
373 0.000284
374 0.000161
375 0.000184
376 0.000166
377 0.000231
378 0.000158
379 0.000173
380 0.000122
381 0.000228
382 0.000196
383 0.000160
384 0.000301
385 0.000161
386 0.000250
387 0.000146
388 0.000261
389 0.000131
390 0.000245
391 0.000673
392 0.000107
393 0.000107
394 0.000108
395 0.000121
396 0.000114
397 0.000122
398 0.000124
399 0.000282
400 0.000087
401 0.000088
402 0.000084
403 0.000355
404 0.000418
405 0.000426
406 0.000413
407 0.000081
408 0.000082
409 0.000087
410 0.000082
411 0.000327
412 0.000674
413 0.000463
414 0.000214
415 0.000260
416 0.000382
417 0.000402
418 0.000359
419 0.000383
420 0.000379
421 0.000343
422 0.000389
423 0.000413
424 0.000410
425 0.000416
426 0.000394
427 0.000405
428 0.000433
429 0.000406
430 0.000418
431 0.000459
432 0.000387
433 0.000402
434 0.000394
435 0.000404
436 0.000404
437 0.000405
438 0.000394
439 0.000431
440 0.000408
441 0.000375
442 0.000426
443 0.000386
444 0.000409
445 0.000408
446 0.000412
447 0.000435
448 0.000404
449 0.000390
450 0.000403
451 0.000404
452 0.000404
453 0.000405
454 0.000403
455 0.000407
456 0.000377
457 0.000453
458 0.000385
459 0.000407
460 0.000391
461 0.000370
462 0.000406
463 0.000396
464 0.000472
465 0.000405
466 0.000362
467 0.000380
468 0.000403
469 0.000392
470 0.000408
471 0.000394
472 0.000384
473 0.000400
474 0.000417
475 0.000380
476 0.000394
477 0.000394
478 0.000392
479 0.000421
480 0.000457
481 0.000440
482 0.000383
483 0.000387
484 0.000387
485 0.000392
486 0.000397
487 0.000398
488 0.000419
489 0.000401
490 0.000387
491 0.000364
492 0.000397
493 0.000390
494 0.000384
495 0.000406
496 0.000417
497 0.000486
498 0.000487
499 0.000448
500 0.000092
501 0.000089
502 0.000093
503 0.000087
504 0.000434
505 0.000488
506 0.000089
507 0.000101
508 0.000087
509 0.000084
510 0.000087
511 0.000594
512 0.000501
513 0.000481
514 0.000494
515 0.000430
516 0.000451
517 0.000459
518 0.000524
519 0.000477
520 0.000427
521 0.000414
522 0.000529
523 0.000557
524 0.000574
525 0.000585
526 0.000569
527 0.000608
528 0.000607
529 0.000652
530 0.000655
531 0.000570
532 0.000593
533 0.000600
534 0.000610
535 0.000601
536 0.000570
537 0.000570
538 0.000596
539 0.000702
540 0.000617
541 0.000627
542 0.000641
543 0.000622
544 0.000470
545 0.000450
546 0.000369
547 0.000521
548 0.000331
549 0.000372
550 0.000266
551 0.000271
552 0.000304
553 0.000789
554 0.000304
555 0.000404
556 0.000326
557 0.000351
558 0.000260
559 0.000359
560 0.000283
561 0.000344
562 0.000332
563 0.000433
564 0.000290
565 0.000386
566 0.000358
567 0.000125
568 0.000097
569 0.000088
570 0.000089
571 0.000167
572 0.000400
573 0.000225
574 0.000381
575 0.000307
576 0.000440
577 0.000426
578 0.000271
579 0.000376
580 0.000328
581 0.000382
582 0.000311
583 0.000447
584 0.000218
585 0.000342
586 0.000337
587 0.000361
588 0.000338
589 0.000418
590 0.001127
591 0.000304
592 0.000275
593 0.000249
594 0.000298
595 0.000364
596 0.000329
597 0.000295
598 0.000304
599 0.000304
600 0.000089
601 0.000090
602 0.000089
603 0.000084
604 0.000085
605 0.000085
606 0.000084
607 0.000082
608 0.000088
609 0.000086
610 0.000087
611 0.000089
612 0.000083
613 0.000097
614 0.000221
615 0.000312
616 0.000261
617 0.000310
618 0.000233
619 0.000277
620 0.000229
621 0.000294
622 0.000292
623 0.000320
624 0.000277
625 0.000253
626 0.000272
627 0.000269
628 0.000271
629 0.000294
630 0.000259
631 0.000244
632 0.000335
633 0.000250
634 0.000281
635 0.000290
636 0.000143
637 0.000110
638 0.000108
639 0.000110
640 0.000111
641 0.000109
642 0.000109
643 0.000106
644 0.000103
645 0.000102
646 0.000099
647 0.000107
648 0.000103
649 0.000102
650 0.000100
651 0.000100
652 0.000154
653 0.000256
654 0.000106
655 0.000144
656 0.000137
657 0.000142
658 0.000153
659 0.000104
660 0.000128
661 0.000101
662 0.000108
663 0.000114
664 0.000102
665 0.000091
666 0.000098
667 0.000091
668 0.000091
669 0.000095
670 0.000098
671 0.000093
672 0.000095
673 0.000096
674 0.000091
675 0.000099
676 0.000090
677 0.000100
678 0.000091
679 0.000095
680 0.000097
681 0.000095
682 0.000094
683 0.000088
684 0.000089
685 0.000084
686 0.000087
687 0.000083
688 0.000216
689 0.000480
690 0.000407
691 0.000439
692 0.000425
693 0.000383
694 0.000407
695 0.000425
696 0.000386
697 0.000414
698 0.000446
699 0.000513
700 0.000092
701 0.000091
702 0.000085
703 0.000087
704 0.000086
705 0.000088
706 0.000086
707 0.000085
708 0.000084
709 0.000082
710 0.000086
711 0.000089
712 0.000081
713 0.000086
714 0.000086
715 0.000086
716 0.000186
717 0.000237
718 0.000216
719 0.000276
720 0.000274
721 0.000272
722 0.000185
723 0.000257
724 0.000269
725 0.000259
726 0.000857
727 0.000202
728 0.000250
729 0.000297
730 0.000298
731 0.000252
732 0.000285
733 0.000249
734 0.000299
735 0.000227
736 0.000266
737 0.000245
738 0.000268
739 0.000309
740 0.000237
741 0.000267
742 0.000274
743 0.000389
744 0.000293
745 0.000294
746 0.000228
747 0.000281
748 0.000303
749 0.000226
750 0.000264
751 0.000277
752 0.000314
753 0.000220
754 0.000295
755 0.000310
756 0.000219
757 0.000262
758 0.000278
759 0.000282
760 0.000282
761 0.000429
762 0.000303
763 0.000282
764 0.000086
765 0.000084
766 0.000163
767 0.000139
768 0.000282
769 0.000842
770 0.000085
771 0.000082
772 0.000080
773 0.000079
774 0.000080
775 0.000079
776 0.000083
777 0.000079
778 0.000079
779 0.000932
780 0.000094
781 0.000080
782 0.000231
783 0.000692
784 0.000245
785 0.000169
786 0.000170
787 0.000176
788 0.000181
789 0.000170
790 0.000173
791 0.000152
792 0.000169
793 0.000152
794 0.000141
795 0.000185
796 0.000162
797 0.000995
798 0.000170
799 0.000140
800 0.000097
801 0.000089
802 0.000083
803 0.000082
804 0.000082
805 0.000081
806 0.000081
807 0.000081
808 0.000082
809 0.000079
810 0.000079
811 0.000082
812 0.000080
813 0.000082
814 0.000080
815 0.000081
816 0.000083
817 0.000078
818 0.000078
819 0.000079
820 0.000081
821 0.000084
822 0.000081
823 0.000081
824 0.000080
825 0.000080
826 0.000119
827 0.000134
828 0.000150
829 0.000169
830 0.000166
831 0.000136
832 0.000149
833 0.000210
834 0.000439
835 0.000529
836 0.000523
837 0.000522
838 0.000589
839 0.000594
840 0.000551
841 0.000373
842 0.000143
843 0.000164
844 0.000155
845 0.000136
846 0.000094
847 0.000155
848 0.000227
849 0.000116
850 0.000144
851 0.000111
852 0.000173
853 0.000149
854 0.000145
855 0.000153
856 0.000151
857 0.000162
858 0.000146
859 0.000154
860 0.000162
861 0.000165
862 0.000172
863 0.000136
864 0.000168
865 0.000155
866 0.000173
867 0.000146
868 0.000149
869 0.000216
870 0.000087
871 0.000195
872 0.000318
873 0.000247
874 0.000154
875 0.000091
876 0.000177
877 0.000159
878 0.000160
879 0.000148
880 0.000169
881 0.000134
882 0.000115
883 0.000144
884 0.000193
885 0.000202
886 0.000127
887 0.000113
888 0.000184
889 0.000192
890 0.000139
891 0.000115
892 0.000144
893 0.000199
894 0.000151
895 0.000218
896 0.000154
897 0.000163
898 0.000194
899 0.000173
900 0.000083
901 0.000081
902 0.000081
903 0.000080
904 0.000080
905 0.000080
906 0.000080
907 0.000080
908 0.000077
909 0.000078
910 0.000085
911 0.000080
912 0.000078
913 0.000080
914 0.000078
915 0.000079
916 0.000077
917 0.000085
918 0.000079
919 0.000144
920 0.000123
921 0.000165
922 0.000216
923 0.000142
924 0.000155
925 0.000212
926 0.000137
927 0.000166
928 0.000198
929 0.000150
930 0.000224
931 0.000133
932 0.000162
933 0.000249
934 0.000162
935 0.000187
936 0.000151
937 0.000215
938 0.000118
939 0.000173
940 0.000174
941 0.000164
942 0.000158
943 0.000190
944 0.000153
945 0.000204
946 0.000138
947 0.000172
948 0.000147
949 0.000146
950 0.000145
951 0.000158
952 0.000161
953 0.000202
954 0.000171
955 0.000154
956 0.000244
957 0.000115
958 0.000154
959 0.000201
960 0.000177
961 0.000167
962 0.000190
963 0.000139
964 0.000184
965 0.000199
966 0.000252
967 0.000208
968 0.000206
969 0.000178
970 0.000173
971 0.000155
972 0.000200
973 0.000171
974 0.000192
975 0.000164
976 0.000208
977 0.000127
978 0.000226
979 0.000141
980 0.000152
981 0.000220
982 0.000166
983 0.000150
984 0.000185
985 0.000166
986 0.000178
987 0.000144
988 0.000161
989 0.000172
990 0.000113
991 0.000207
992 0.000221
993 0.000117
994 0.000178
995 0.000875
996 0.000668
997 0.000631
998 0.000643
999 0.000614
