0 0.001949
1 0.000197
2 0.000182
3 0.000202
4 0.000181
5 0.000180
6 0.000180
7 0.000182
8 0.006638
9 0.003905
10 0.004299
11 0.003990
12 0.004393
13 0.004295
14 0.004430
15 0.004022
16 0.004112
17 0.003952
18 0.004260
19 0.004069
20 0.004068
21 0.002620
22 0.002053
23 0.000188
24 0.000180
25 0.000526
26 0.001265
27 0.001820
28 0.000956
29 0.001301
30 0.001371
31 0.000758
32 0.000182
33 0.000427
34 0.000344
35 0.000180
36 0.000178
37 0.000585
38 0.000379
39 0.000185
40 0.000182
41 0.000175
42 0.000172
43 0.000173
44 0.000174
45 0.000176
46 0.000176
47 0.000239
48 0.000176
49 0.000177
50 0.000180
51 0.000187
52 0.000178
53 0.000175
54 0.000177
55 0.000178
56 0.000177
57 0.000179
58 0.000179
59 0.000194
60 0.000181
61 0.000179
62 0.000181
63 0.000180
64 0.000180
65 0.000180
66 0.000179
67 0.000178
68 0.000239
69 0.000176
70 0.000176
71 0.000174
72 0.000172
73 0.000177
74 0.000177
75 0.000180
76 0.000177
77 0.000186
78 0.000177
79 0.000249
80 0.000175
81 0.000185
82 0.000185
83 0.000190
84 0.000185
85 0.000185
86 0.000180
87 0.000181
88 0.000187
89 0.000190
90 0.000257
91 0.000191
92 0.000185
93 0.000181
94 0.000182
95 0.000182
96 0.000181
97 0.000176
98 0.000181
99 0.000179
100 0.000219
101 0.000178
102 0.000178
103 0.000171
104 0.000171
105 0.000170
106 0.000173
107 0.000174
108 0.000171
109 0.000173
110 0.000175
111 0.000177
112 0.000193
113 0.000199
114 0.000200
115 0.000196
116 0.000202
117 0.000199
118 0.000203
119 0.000204
120 0.000199
121 0.000197
122 0.000196
123 0.000196
124 0.000198
125 0.000199
126 0.000196
127 0.000201
128 0.000198
129 0.000198
130 0.000196
131 0.000196
132 0.000194
133 0.000196
134 0.000197
135 0.000262
136 0.000198
137 0.000197
138 0.000196
139 0.000193
140 0.000198
141 0.000198
142 0.000201
143 0.000198
144 0.000194
145 0.000193
146 0.000195
147 0.000196
148 0.000268
149 0.000196
150 0.000200
151 0.000198
152 0.000197
153 0.000200
154 0.000200
155 0.000197
156 0.000196
157 0.000196
158 0.000195
159 0.000197
160 0.000195
161 0.000195
162 0.000199
163 0.000196
164 0.000197
165 0.000196
166 0.000192
167 0.000196
168 0.000196
169 0.000193
170 0.000193
171 0.000194
172 0.000196
173 0.000195
174 0.000195
175 0.000198
176 0.000197
177 0.000196
178 0.000195
179 0.000196
180 0.000198
181 0.000196
182 0.000195
183 0.000204
184 0.000192
185 0.000194
186 0.000196
187 0.000196
188 0.000195
189 0.000195
190 0.000285
191 0.000195
192 0.000196
193 0.000196
194 0.000193
195 0.000197
196 0.000197
197 0.000196
198 0.000198
199 0.000194
200 0.000214
201 0.000173
202 0.000172
203 0.000172
204 0.000169
205 0.000180
206 0.000185
207 0.000173
208 0.000170
209 0.000180
210 0.000184
211 0.000194
212 0.000197
213 0.000196
214 0.000194
215 0.000192
216 0.000189
217 0.000187
218 0.000194
219 0.000192
220 0.000258
221 0.000200
222 0.000198
223 0.000193
224 0.000195
225 0.000202
226 0.000196
227 0.000194
228 0.000192
229 0.000193
230 0.000195
231 0.000196
232 0.000194
233 0.000194
234 0.000192
235 0.000198
236 0.000197
237 0.000196
238 0.000196
239 0.000198
240 0.000196
241 0.000194
242 0.000195
243 0.000192
244 0.000194
245 0.000195
246 0.000193
247 0.000196
248 0.000194
249 0.000266
250 0.000197
251 0.000197
252 0.000196
253 0.000198
254 0.000195
255 0.000198
256 0.000196
257 0.000196
258 0.000197
259 0.000194
260 0.000194
261 0.000196
262 0.000194
263 0.000264
264 0.000194
265 0.000194
266 0.000196
267 0.000195
268 0.000210
269 0.000207
270 0.000199
271 0.000199
272 0.000198
273 0.000196
274 0.000193
275 0.000196
276 0.000197
277 0.000196
278 0.000193
279 0.000191
280 0.000194
281 0.000194
282 0.000195
283 0.000195
284 0.000192
285 0.000197
286 0.000194
287 0.000193
288 0.000195
289 0.000197
290 0.000202
291 0.000193
292 0.000194
293 0.000189
294 0.000192
295 0.000199
296 0.000265
297 0.000193
298 0.000197
299 0.000214
300 0.000193
301 0.000189
302 0.000175
303 0.000174
304 0.000171
305 0.000174
306 0.000172
307 0.000204
308 0.000188
309 0.000185
310 0.000269
311 0.000201
312 0.000199
313 0.000204
314 0.000208
315 0.000199
316 0.000202
317 0.000199
318 0.000199
319 0.000201
320 0.000198
321 0.000196
322 0.000265
323 0.000190
324 0.000174
325 0.000175
326 0.000169
327 0.000170
328 0.000173
329 0.000760
330 0.000373
331 0.000192
332 0.000772
333 0.000532
334 0.000752
335 0.000182
336 0.000300
337 0.000174
338 0.000234
339 0.000227
340 0.000172
341 0.000168
342 0.000169
343 0.000174
344 0.000166
345 0.000171
346 0.000273
347 0.000729
348 0.000249
349 0.000253
350 0.000244
351 0.000251
352 0.000244
353 0.000182
354 0.000174
355 0.000174
356 0.000173
357 0.000180
358 0.000215
359 0.000175
360 0.000175
361 0.000174
362 0.000177
363 0.000176
364 0.000176
365 0.000176
366 0.000182
367 0.000176
368 0.000179
369 0.000171
370 0.000184
371 0.000291
372 0.000209
373 0.000189
374 0.000179
375 0.000180
376 0.000185
377 0.000185
378 0.000191
379 0.000179
380 0.000180
381 0.000191
382 0.000184
383 0.000185
384 0.000178
385 0.000181
386 0.000184
387 0.000187
388 0.000177
389 0.000174
390 0.000177
391 0.000178
392 0.000179
393 0.000174
394 0.000172
395 0.000177
396 0.000171
397 0.000169
398 0.000170
399 0.000169
400 0.000198
401 0.000180
402 0.000176
403 0.000169
404 0.000173
405 0.000179
406 0.000179
407 0.000174
408 0.000167
409 0.000168
410 0.000168
411 0.000166
412 0.000170
413 0.000238
414 0.000239
415 0.000689
416 0.000531
417 0.000551
418 0.000517
419 0.000534
420 0.000536
421 0.000544
422 0.000566
423 0.000547
424 0.000549
425 0.000572
426 0.000595
427 0.000652
428 0.000650
429 0.000558
430 0.000521
431 0.000542
432 0.000543
433 0.000549
434 0.000506
435 0.000537
436 0.000536
437 0.000547
438 0.000544
439 0.000555
440 0.000628
441 0.000603
442 0.000529
443 0.000475
444 0.000513
445 0.000559
446 0.000467
447 0.000532
448 0.000517
449 0.000414
450 0.000183
451 0.000176
452 0.000192
453 0.000200
454 0.000183
455 0.000187
456 0.000175
457 0.000176
458 0.000180
459 0.000175
460 0.000175
461 0.000177
462 0.000177
463 0.000172
464 0.000171
465 0.000170
466 0.000173
467 0.000175
468 0.000178
469 0.000175
470 0.000180
471 0.000176
472 0.000174
473 0.000174
474 0.000174
475 0.000174
476 0.000174
477 0.000174
478 0.000174
479 0.000175
480 0.000178
481 0.000172
482 0.000168
483 0.000168
484 0.000169
485 0.000168
486 0.000167
487 0.000168
488 0.000165
489 0.000165
490 0.000165
491 0.000165
492 0.000169
493 0.000165
494 0.000167
495 0.000170
496 0.000236
497 0.000231
498 0.000163
499 0.000166
500 0.000175
501 0.000168
502 0.000164
503 0.000167
504 0.000165
505 0.000168
506 0.000168
507 0.000166
508 0.000168
509 0.000173
510 0.000165
511 0.000167
512 0.000166
513 0.000174
514 0.000172
515 0.000169
516 0.000175
517 0.000175
518 0.000171
519 0.000176
520 0.000173
521 0.000171
522 0.000167
523 0.000168
524 0.000167
525 0.000166
526 0.000169
527 0.000166
528 0.000165
529 0.000166
530 0.000165
531 0.000166
532 0.000166
533 0.000165
534 0.000164
535 0.000167
536 0.000165
537 0.000165
538 0.000167
539 0.000166
540 0.000165
541 0.000167
542 0.000164
543 0.000168
544 0.000169
545 0.000169
546 0.000169
547 0.000169
548 0.000164
549 0.000166
550 0.000168
551 0.000168
552 0.000168
553 0.000233
554 0.000227
555 0.000163
556 0.000168
557 0.000167
558 0.000166
559 0.000167
560 0.000168
561 0.000168
562 0.000172
563 0.000166
564 0.000164
565 0.000167
566 0.000167
567 0.000163
568 0.000169
569 0.000167
570 0.000168
571 0.000169
572 0.000166
573 0.000165
574 0.000168
575 0.000166
576 0.000167
577 0.000166
578 0.000167
579 0.000169
580 0.000166
581 0.000165
582 0.000165
583 0.000164
584 0.000164
585 0.000166
586 0.000165
587 0.000165
588 0.000164
589 0.000164
590 0.000164
591 0.000166
592 0.000162
593 0.000165
594 0.000167
595 0.000165
596 0.000168
597 0.000169
598 0.000168
599 0.000169
600 0.000175
601 0.000168
602 0.000168
603 0.000167
604 0.000165
605 0.000164
606 0.000167
607 0.000168
608 0.000228
609 0.000224
610 0.000163
611 0.000163
612 0.000166
613 0.000167
614 0.000170
615 0.000165
616 0.000167
617 0.000167
618 0.000172
619 0.000168
620 0.000418
621 0.000678
622 0.000173
623 0.000173
624 0.000169
625 0.000921
626 0.000217
627 0.000175
628 0.000187
629 0.000185
630 0.000188
631 0.000177
632 0.000178
633 0.000179
634 0.000183
635 0.000184
636 0.000189
637 0.000187
638 0.000185
639 0.000189
640 0.000182
641 0.000183
642 0.000184
643 0.000178
644 0.000175
645 0.000174
646 0.000178
647 0.000180
648 0.000185
649 0.000176
650 0.000175
651 0.000175
652 0.000177
653 0.000174
654 0.000174
655 0.000174
656 0.000172
657 0.000170
658 0.000173
659 0.000175
660 0.000170
661 0.000168
662 0.000172
663 0.000174
664 0.000169
665 0.000173
666 0.000173
667 0.000168
668 0.000170
669 0.000169
670 0.000169
671 0.000166
672 0.000171
673 0.000165
674 0.000166
675 0.000168
676 0.000168
677 0.000167
678 0.000171
679 0.000165
680 0.000171
681 0.000171
682 0.000170
683 0.000168
684 0.000170
685 0.000168
686 0.000169
687 0.000168
688 0.000169
689 0.000193
690 0.000172
691 0.000171
692 0.000173
693 0.000173
694 0.000171
695 0.000170
696 0.000171
697 0.000173
698 0.000172
699 0.000172
700 0.000177
701 0.000167
702 0.000169
703 0.000167
704 0.000166
705 0.000167
706 0.000166
707 0.000168
708 0.000165
709 0.000166
710 0.000168
711 0.000169
712 0.000226
713 0.000168
714 0.000169
715 0.000168
716 0.000167
717 0.000167
718 0.000169
719 0.000173
720 0.000171
721 0.000170
722 0.000173
723 0.000168
724 0.000171
725 0.000169
726 0.000168
727 0.000169
728 0.000167
729 0.000168
730 0.000174
731 0.000170
732 0.000173
733 0.000168
734 0.000169
735 0.000169
736 0.000171
737 0.000174
738 0.000172
739 0.000175
740 0.000171
741 0.000173
742 0.000171
743 0.000171
744 0.000173
745 0.000173
746 0.000171
747 0.000171
748 0.000173
749 0.000173
750 0.000169
751 0.000170
752 0.000169
753 0.000172
754 0.000174
755 0.000173
756 0.000172
757 0.000412
758 0.000573
759 0.000532
760 0.000626
761 0.000557
762 0.000662
763 0.000555
764 0.000509
765 0.000564
766 0.000559
767 0.000555
768 0.000532
769 0.000440
770 0.000494
771 0.000499
772 0.000545
773 0.000523
774 0.000526
775 0.000608
776 0.000579
777 0.000301
778 0.000224
779 0.000329
780 0.000181
781 0.000177
782 0.000101
783 0.000179
784 0.000184
785 0.000174
786 0.000167
787 0.000057
788 0.000415
789 0.000173
790 0.000167
791 0.000165
792 0.000386
793 0.000563
794 0.000555
795 0.000569
796 0.000562
797 0.000590
798 0.000593
799 0.000176
800 0.000176
801 0.000170
802 0.000167
803 0.000165
804 0.000164
805 0.000165
806 0.000165
807 0.000167
808 0.000229
809 0.000162
810 0.000164
811 0.000166
812 0.000163
813 0.000165
814 0.000182
815 0.000163
816 0.000164
817 0.000165
818 0.000165
819 0.000162
820 0.000160
821 0.000162
822 0.000163
823 0.000163
824 0.000163
825 0.000164
826 0.000165
827 0.000161
828 0.000163
829 0.000163
830 0.000164
831 0.000164
832 0.000162
833 0.000164
834 0.000163
835 0.000166
836 0.000166
837 0.000165
838 0.000164
839 0.000164
840 0.000167
841 0.000161
842 0.000166
843 0.000165
844 0.000164
845 0.000165
846 0.000161
847 0.000165
848 0.000165
849 0.000232
850 0.000221
851 0.000165
852 0.000163
853 0.000164
854 0.000162
855 0.000162
856 0.000162
857 0.000163
858 0.000163
859 0.000165
860 0.000164
861 0.000162
862 0.000164
863 0.000163
864 0.000163
865 0.000163
866 0.000165
867 0.000166
868 0.000164
869 0.000163
870 0.000165
871 0.000163
872 0.000163
873 0.000161
874 0.000164
875 0.000163
876 0.000168
877 0.000165
878 0.000164
879 0.000163
880 0.000160
881 0.000166
882 0.000165
883 0.000166
884 0.000165
885 0.000169
886 0.000167
887 0.000167
888 0.000166
889 0.000168
890 0.000226
891 0.000253
892 0.000164
893 0.000163
894 0.000164
895 0.000165
896 0.000163
897 0.000164
898 0.000161
899 0.000162
900 0.000176
901 0.000171
902 0.000167
903 0.000166
904 0.000166
905 0.000165
906 0.000163
907 0.000166
908 0.000164
909 0.000160
910 0.000162
911 0.000163
912 0.000165
913 0.000164
914 0.000166
915 0.000167
916 0.000172
917 0.000165
918 0.000163
919 0.000163
920 0.000165
921 0.000161
922 0.000165
923 0.000168
924 0.000171
925 0.000168
926 0.000164
927 0.000234
928 0.000227
929 0.000162
930 0.000163
931 0.000165
932 0.000162
933 0.000163
934 0.000167
935 0.000163
936 0.000166
937 0.000166
938 0.000164
939 0.000164
940 0.000161
941 0.000163
942 0.000167
943 0.000161
944 0.000161
945 0.000163
946 0.000165
947 0.000165
948 0.000164
949 0.000164
950 0.000166
951 0.000164
952 0.000164
953 0.000162
954 0.000161
955 0.000166
956 0.000166
957 0.000164
958 0.000163
959 0.000164
960 0.000171
961 0.000166
962 0.000167
963 0.000164
964 0.000166
965 0.000163
966 0.000163
967 0.000163
968 0.000232
969 0.000234
970 0.000166
971 0.000166
972 0.000163
973 0.000166
974 0.000161
975 0.000162
976 0.000164
977 0.000165
978 0.000165
979 0.000164
980 0.000164
981 0.000162
982 0.000162
983 0.000163
984 0.000165
985 0.000162
986 0.000163
987 0.000161
988 0.000165
989 0.000162
990 0.000162
991 0.000164
992 0.000164
993 0.000164
994 0.000162
995 0.000161
996 0.000165
997 0.000164
998 0.000165
999 0.000166
