0 0.011729
1 0.000656
2 0.000294
3 0.000343
4 0.000300
5 0.000324
6 0.000389
7 0.000440
8 0.000294
9 0.000353
10 0.000370
11 0.000359
12 0.000464
13 0.000539
14 0.000583
15 0.000531
16 0.000613
17 0.000527
18 0.000414
19 0.000540
20 0.000440
21 0.000502
22 0.000540
23 0.000382
24 0.000361
25 0.000426
26 0.000399
27 0.000387
28 0.000428
29 0.000396
30 0.000379
31 0.000381
32 0.000325
33 0.000502
34 0.000515
35 0.000535
36 0.000586
37 0.000580
38 0.000373
39 0.000610
40 0.000603
41 0.000574
42 0.000484
43 0.000716
44 0.000630
45 0.000507
46 0.000565
47 0.000350
48 0.000460
49 0.000427
50 0.000543
51 0.000514
52 0.000554
53 0.000538
54 0.000584
55 0.000533
56 0.000670
57 0.000566
58 0.000673
59 0.000428
60 0.000516
61 0.000591
62 0.000505
63 0.000546
64 0.000533
65 0.000415
66 0.000529
67 0.000533
68 0.000647
69 0.001259
70 0.000522
71 0.000701
72 0.000431
73 0.000612
74 0.000689
75 0.000664
76 0.000582
77 0.000876
78 0.000378
79 0.000382
80 0.000406
81 0.000617
82 0.000448
83 0.000547
84 0.000522
85 0.000521
86 0.000506
87 0.000223
88 0.000237
89 0.000261
90 0.000490
91 0.000522
92 0.000499
93 0.000572
94 0.000463
95 0.000564
96 0.000548
97 0.000697
98 0.000657
99 0.000544
100 0.000271
101 0.000359
102 0.000465
103 0.000544
104 0.000501
105 0.000515
106 0.000569
107 0.000543
108 0.000446
109 0.000465
110 0.000598
111 0.000490
112 0.000548
113 0.000394
114 0.000383
115 0.000405
116 0.000414
117 0.000538
118 0.000562
119 0.000430
120 0.000494
121 0.000622
122 0.000528
123 0.000514
124 0.000390
125 0.000426
126 0.000482
127 0.000539
128 0.000612
129 0.000582
130 0.000587
131 0.000498
132 0.000532
133 0.000521
134 0.000541
135 0.000575
136 0.000543
137 0.000573
138 0.000549
139 0.000532
140 0.000522
141 0.000521
142 0.000533
143 0.000477
144 0.000470
145 0.000484
146 0.000488
147 0.000388
148 0.000465
149 0.000511
150 0.000532
151 0.000561
152 0.000690
153 0.000545
154 0.000622
155 0.000560
156 0.000656
157 0.000736
158 0.000650
159 0.000618
160 0.000615
161 0.000562
162 0.000618
163 0.000622
164 0.000671
165 0.000713
166 0.000728
167 0.000764
168 0.000773
169 0.000609
170 0.000686
171 0.000684
172 0.000676
173 0.000624
174 0.000539
175 0.000496
176 0.000513
177 0.000570
178 0.000436
179 0.000468
180 0.000399
181 0.000386
182 0.000270
183 0.000337
184 0.000419
185 0.000512
186 0.000415
187 0.000381
188 0.000259
189 0.000408
190 0.000456
191 0.000414
192 0.000399
193 0.000418
194 0.000482
195 0.000603
196 0.000502
197 0.000494
198 0.000480
199 0.000439
200 0.000173
201 0.000381
202 0.000439
203 0.000539
204 0.000444
205 0.000563
206 0.000509
207 0.000596
208 0.000473
209 0.000505
210 0.000552
211 0.000366
212 0.000428
213 0.000409
214 0.000419
215 0.000510
216 0.000559
217 0.000567
218 0.000710
219 0.000650
220 0.000703
221 0.000693
222 0.000806
223 0.000661
224 0.000777
225 0.000690
226 0.000617
227 0.000646
228 0.000620
229 0.000607
230 0.000499
231 0.000576
232 0.000492
233 0.000475
234 0.000506
235 0.000419
236 0.000346
237 0.000384
238 0.000365
239 0.000505
240 0.000427
241 0.000435
242 0.000563
243 0.000551
244 0.000464
245 0.000443
246 0.000350
247 0.000390
248 0.000525
249 0.000551
250 0.000596
251 0.000620
252 0.000590
253 0.000604
254 0.000600
255 0.000476
256 0.000403
257 0.000449
258 0.000443
259 0.000422
260 0.000833
261 0.001113
262 0.000713
263 0.001064
264 0.000697
265 0.000715
266 0.000681
267 0.000536
268 0.000820
269 0.000843
270 0.000684
271 0.000613
272 0.000739
273 0.000612
274 0.000583
275 0.000644
276 0.000583
277 0.000469
278 0.000314
279 0.000374
280 0.000502
281 0.000665
282 0.000521
283 0.000703
284 0.000510
285 0.000699
286 0.000476
287 0.000494
288 0.000708
289 0.000417
290 0.000459
291 0.000475
292 0.000350
293 0.000396
294 0.000403
295 0.000768
296 0.000488
297 0.000468
298 0.000388
299 0.000449
300 0.000177
301 0.000395
302 0.000499
303 0.000589
304 0.000606
305 0.000610
306 0.000577
307 0.000637
308 0.000578
309 0.000683
310 0.000562
311 0.000636
312 0.000575
313 0.000550
314 0.000588
315 0.000621
316 0.000651
317 0.000603
318 0.000569
319 0.000541
320 0.000561
321 0.000669
322 0.000718
323 0.000677
324 0.000604
325 0.000588
326 0.000653
327 0.000629
328 0.000666
329 0.000657
330 0.000619
331 0.000659
332 0.000595
333 0.000779
334 0.000690
335 0.000703
336 0.000594
337 0.000648
338 0.000524
339 0.000515
340 0.000431
341 0.000396
342 0.000476
343 0.000470
344 0.000503
345 0.000512
346 0.000412
347 0.000333
348 0.000417
349 0.000497
350 0.000521
351 0.000561
352 0.000619
353 0.000560
354 0.000500
355 0.000382
356 0.000531
357 0.000420
358 0.000669
359 0.000545
360 0.000962
361 0.001202
362 0.001019
363 0.000843
364 0.000637
365 0.000643
366 0.000741
367 0.000783
368 0.000762
369 0.000945
370 0.000737
371 0.000728
372 0.000902
373 0.000882
374 0.000895
375 0.000443
376 0.000437
377 0.000424
378 0.000443
379 0.000402
380 0.000545
381 0.000390
382 0.000363
383 0.000475
384 0.000759
385 0.000777
386 0.000544
387 0.000641
388 0.000696
389 0.000555
390 0.000518
391 0.000516
392 0.000475
393 0.000457
394 0.000396
395 0.000319
396 0.000330
397 0.000386
398 0.000560
399 0.000553
400 0.000182
401 0.000311
402 0.000357
403 0.000436
404 0.000395
405 0.000407
406 0.000444
407 0.000360
408 0.000415
409 0.000466
410 0.000476
411 0.000513
412 0.000448
413 0.000378
414 0.000327
415 0.000341
416 0.000420
417 0.000405
418 0.000446
419 0.000469
420 0.000439
421 0.000449
422 0.000490
423 0.000404
424 0.000450
425 0.000517
426 0.000510
427 0.000757
428 0.000850
429 0.000544
430 0.000610
431 0.000545
432 0.000603
433 0.000551
434 0.000499
435 0.000471
436 0.000652
437 0.000878
438 0.000845
439 0.000581
440 0.000928
441 0.000559
442 0.000716
443 0.000573
444 0.000597
445 0.000534
446 0.000574
447 0.000605
448 0.000617
449 0.000623
450 0.000498
451 0.000647
452 0.000565
453 0.000474
454 0.000855
455 0.000550
456 0.000768
457 0.000685
458 0.000551
459 0.000659
460 0.000675
461 0.000909
462 0.001135
463 0.000636
464 0.000665
465 0.000890
466 0.000561
467 0.000672
468 0.000540
469 0.000410
470 0.000542
471 0.000732
472 0.000598
473 0.000843
474 0.000630
475 0.000676
476 0.000576
477 0.000767
478 0.000505
479 0.000513
480 0.000402
481 0.000353
482 0.000266
483 0.000328
484 0.001346
485 0.000133
486 0.000354
487 0.000407
488 0.000443
489 0.000559
490 0.000525
491 0.000602
492 0.000493
493 0.000343
494 0.000388
495 0.000285
496 0.000227
497 0.000231
498 0.000395
499 0.000311
500 0.000146
501 0.000372
502 0.000590
503 0.000584
504 0.000532
505 0.000393
506 0.000452
507 0.000505
508 0.000566
509 0.000648
510 0.000574
511 0.000612
512 0.000456
513 0.000400
514 0.000393
515 0.000389
516 0.000396
517 0.000544
518 0.000535
519 0.000537
520 0.000529
521 0.000564
522 0.000586
523 0.000523
524 0.000282
525 0.000191
526 0.000203
527 0.000383
528 0.000338
529 0.000467
530 0.000436
531 0.000378
532 0.000469
533 0.000371
534 0.000197
535 0.000194
536 0.000210
537 0.000329
538 0.000393
539 0.000539
540 0.000454
541 0.000405
542 0.000370
543 0.000350
544 0.000400
545 0.000422
546 0.000310
547 0.000352
548 0.000454
549 0.000441
550 0.000417
551 0.000662
552 0.000554
553 0.000583
554 0.000499
555 0.000361
556 0.000604
557 0.000442
558 0.000588
559 0.000468
560 0.000535
561 0.000647
562 0.000651
563 0.000655
564 0.000570
565 0.000589
566 0.000571
567 0.000506
568 0.000438
569 0.000493
570 0.000499
571 0.000973
572 0.000839
573 0.000647
574 0.000539
575 0.000748
576 0.000537
577 0.000607
578 0.000525
579 0.000425
580 0.000686
581 0.000668
582 0.000381
583 0.000283
584 0.000433
585 0.000465
586 0.000491
587 0.000419
588 0.000813
589 0.000604
590 0.000352
591 0.000598
592 0.000688
593 0.000626
594 0.000592
595 0.000335
596 0.000286
597 0.000266
598 0.000398
599 0.000453
600 0.000163
601 0.000351
602 0.000453
603 0.000528
604 0.000519
605 0.000540
606 0.000562
607 0.000419
608 0.000420
609 0.000476
610 0.000404
611 0.000408
612 0.000363
613 0.000399
614 0.000457
615 0.000497
616 0.000476
617 0.000430
618 0.000459
619 0.000437
620 0.000477
621 0.000708
622 0.000787
623 0.000847
624 0.000736
625 0.000752
626 0.000849
627 0.000688
628 0.000805
629 0.000685
630 0.000621
631 0.000608
632 0.000592
633 0.000652
634 0.000702
635 0.000660
636 0.000667
637 0.000557
638 0.000615
639 0.000769
640 0.000757
641 0.000777
642 0.000722
643 0.000648
644 0.000524
645 0.000680
646 0.000574
647 0.000614
648 0.000535
649 0.000585
650 0.000524
651 0.000628
652 0.000609
653 0.000635
654 0.000662
655 0.000673
656 0.000635
657 0.000672
658 0.000625
659 0.000674
660 0.000568
661 0.000572
662 0.000601
663 0.000527
664 0.000497
665 0.000430
666 0.000448
667 0.000399
668 0.000590
669 0.000542
670 0.000525
671 0.000552
672 0.000610
673 0.000418
674 0.000317
675 0.000292
676 0.000280
677 0.000319
678 0.000435
679 0.000322
680 0.000371
681 0.000191
682 0.000238
683 0.000247
684 0.000209
685 0.000216
686 0.000215
687 0.000221
688 0.000330
689 0.000169
690 0.000304
691 0.000192
692 0.000188
693 0.000290
694 0.000323
695 0.000491
696 0.000540
697 0.000437
698 0.000418
699 0.000753
700 0.000173
701 0.000319
702 0.000358
703 0.000418
704 0.000428
705 0.000409
706 0.000449
707 0.000425
708 0.000431
709 0.000429
710 0.000559
711 0.000498
712 0.000533
713 0.000474
714 0.000507
715 0.000521
716 0.000568
717 0.000677
718 0.000681
719 0.000680
720 0.000683
721 0.000614
722 0.000675
723 0.000667
724 0.000671
725 0.000554
726 0.000643
727 0.000563
728 0.000617
729 0.000516
730 0.000581
731 0.000509
732 0.000617
733 0.000537
734 0.000615
735 0.000648
736 0.000688
737 0.000631
738 0.000733
739 0.000612
740 0.000668
741 0.000673
742 0.000733
743 0.000627
744 0.000638
745 0.000609
746 0.000613
747 0.000580
748 0.000592
749 0.000579
750 0.000546
751 0.000601
752 0.000616
753 0.000554
754 0.000536
755 0.000488
756 0.000550
757 0.000561
758 0.000670
759 0.000727
760 0.000715
761 0.000654
762 0.000607
763 0.000614
764 0.000620
765 0.000495
766 0.000407
767 0.000327
768 0.000440
769 0.000385
770 0.000484
771 0.000332
772 0.000525
773 0.000468
774 0.000345
775 0.000319
776 0.000305
777 0.000276
778 0.000306
779 0.000430
780 0.000415
781 0.000537
782 0.000369
783 0.000455
784 0.000363
785 0.000272
786 0.000318
787 0.000363
788 0.000530
789 0.000486
790 0.000516
791 0.000514
792 0.000448
793 0.000424
794 0.000355
795 0.000400
796 0.000555
797 0.000473
798 0.000454
799 0.000508
800 0.000193
801 0.000269
802 0.000359
803 0.000418
804 0.000360
805 0.000293
806 0.000238
807 0.000303
808 0.000381
809 0.000316
810 0.000395
811 0.000384
812 0.000366
813 0.000357
814 0.000580
815 0.000601
816 0.000633
817 0.000676
818 0.000628
819 0.000735
820 0.000671
821 0.000844
822 0.000785
823 0.000735
824 0.000688
825 0.000638
826 0.000772
827 0.000732
828 0.000648
829 0.000808
830 0.000781
831 0.000603
832 0.000828
833 0.000540
834 0.000642
835 0.000631
836 0.000583
837 0.000623
838 0.000618
839 0.000688
840 0.000740
841 0.000637
842 0.000704
843 0.000679
844 0.000625
845 0.000643
846 0.000558
847 0.000609
848 0.000477
849 0.000414
850 0.000403
851 0.000578
852 0.000639
853 0.000713
854 0.000574
855 0.000682
856 0.000661
857 0.000916
858 0.000700
859 0.000604
860 0.000534
861 0.000736
862 0.000644
863 0.000742
864 0.000602
865 0.000703
866 0.000706
867 0.000693
868 0.000817
869 0.000741
870 0.000851
871 0.000786
872 0.000457
873 0.000579
874 0.000517
875 0.000506
876 0.000418
877 0.000629
878 0.000335
879 0.000430
880 0.000501
881 0.000547
882 0.000514
883 0.000543
884 0.000893
885 0.000695
886 0.000817
887 0.000701
888 0.000658
889 0.000664
890 0.000832
891 0.000555
892 0.000914
893 0.000578
894 0.000556
895 0.000514
896 0.000663
897 0.000487
898 0.000783
899 0.000449
900 0.000189
901 0.000260
902 0.000307
903 0.000442
904 0.000286
905 0.000349
906 0.000432
907 0.000374
908 0.000387
909 0.000358
910 0.000340
911 0.000406
912 0.000334
913 0.000419
914 0.000379
915 0.000462
916 0.000485
917 0.000377
918 0.000326
919 0.000429
920 0.000469
921 0.000491
922 0.000475
923 0.000484
924 0.000340
925 0.000492
926 0.000521
927 0.000501
928 0.000552
929 0.000490
930 0.000499
931 0.000443
932 0.000410
933 0.000425
934 0.000390
935 0.000350
936 0.000346
937 0.000429
938 0.000397
939 0.000346
940 0.000345
941 0.000455
942 0.000466
943 0.000558
944 0.000645
945 0.000584
946 0.000649
947 0.000625
948 0.000472
949 0.000664
950 0.000449
951 0.000522
952 0.000661
953 0.000598
954 0.000733
955 0.000644
956 0.000583
957 0.000650
958 0.000592
959 0.000666
960 0.001382
961 0.000759
962 0.000874
963 0.000691
964 0.000814
965 0.000600
966 0.000444
967 0.000414
968 0.000478
969 0.000467
970 0.000337
971 0.000379
972 0.000388
973 0.000314
974 0.000374
975 0.000328
976 0.000620
977 0.000554
978 0.000697
979 0.000680
980 0.000433
981 0.000498
982 0.000558
983 0.001736
984 0.000372
985 0.000334
986 0.000287
987 0.000335
988 0.000290
989 0.000365
990 0.000346
991 0.000524
992 0.000517
993 0.000463
994 0.000522
995 0.000527
996 0.000448
997 0.000553
998 0.000569
999 0.000520
