0 0.138318
1 0.089788
2 0.081420
3 0.082416
4 0.081568
5 0.082355
6 0.081776
7 0.088819
8 0.094640
9 0.081482
10 0.081912
11 0.083486
12 0.082746
13 0.073996
14 0.073694
15 0.082531
16 0.081820
17 0.081718
18 0.082651
19 0.081076
20 0.081441
21 0.081691
22 0.081387
23 0.080611
24 0.106059
25 0.078249
26 0.078467
27 0.078331
28 0.078735
29 0.078130
30 0.079019
31 0.070301
32 0.070287
33 0.068910
34 0.069570
35 0.078572
36 0.078643
37 0.078541
38 0.078154
39 0.079499
40 0.079426
41 0.079394
42 0.076622
43 0.079640
44 0.079417
45 0.079264
46 0.079662
47 0.079711
48 0.072115
49 0.072332
50 0.072233
51 0.071983
52 0.072786
53 0.111432
54 0.107760
55 0.073567
56 0.072521
57 0.072152
58 0.072252
59 0.074074
60 0.072344
61 0.073409
62 0.072178
63 0.072890
64 0.075321
65 0.071931
66 0.072272
67 0.072097
68 0.081079
69 0.082031
70 0.081523
71 0.081932
72 0.081792
73 0.079693
74 0.079705
75 0.080228
76 0.124317
77 0.080584
78 0.062174
79 0.068424
80 0.069620
81 0.079887
82 0.080214
83 0.080429
84 0.080953
85 0.071030
86 0.070861
87 0.070991
88 0.072015
89 0.083258
90 0.081716
91 0.081664
92 0.077118
93 0.081702
94 0.071438
95 0.070951
96 0.071109
97 0.071526
98 0.070564
99 0.070542
100 0.064573
