0 0.054745
1 0.042950
2 0.032879
3 0.032957
4 0.035331
5 0.032968
6 0.044981
7 0.034232
8 0.032874
9 0.032912
10 0.032898
11 0.032851
12 0.048775
13 0.034269
14 0.033946
15 0.032928
16 0.032850
17 0.032874
18 0.036002
19 0.032841
20 0.032819
21 0.032887
22 0.032852
23 0.032838
24 0.032979
25 0.032924
26 0.041486
27 0.032837
28 0.032833
29 0.032904
30 0.032881
31 0.032868
32 0.032890
33 0.032981
34 0.032908
35 0.032873
36 0.032866
37 0.032874
38 0.032901
39 0.032922
40 0.032838
41 0.032788
42 0.032884
43 0.032818
44 0.032795
45 0.032899
46 0.032862
47 0.032874
48 0.032809
49 0.032833
50 0.032856
51 0.032830
52 0.032874
53 0.032820
54 0.032888
55 0.032912
56 0.032809
57 0.032799
58 0.032878
59 0.032880
60 0.032839
61 0.032806
62 0.032875
63 0.032791
64 0.032822
65 0.032779
66 0.032860
67 0.032725
68 0.032801
69 0.032794
70 0.032749
71 0.032738
72 0.032754
73 0.032780
74 0.032780
75 0.032734
76 0.032757
77 0.032802
78 0.032747
79 0.032749
80 0.032699
81 0.032733
82 0.032824
83 0.032710
84 0.032710
85 0.032805
86 0.032702
87 0.032769
88 0.032800
89 0.034019
90 0.034183
91 0.034145
92 0.034087
93 0.034269
94 0.033972
95 0.042733
96 0.032727
97 0.032743
98 0.032792
99 0.032720
100 0.032660
