0 0.084804
1 0.034861
2 0.034059
3 0.033550
4 0.033682
5 0.034569
6 0.036763
7 0.035656
8 0.035818
9 0.036214
10 0.035320
11 0.035320
12 0.035398
13 0.035961
14 0.035896
15 0.039515
16 0.035428
17 0.035366
18 0.034975
19 0.034992
20 0.035791
21 0.035004
22 0.035207
23 0.035163
24 0.035611
25 0.035506
26 0.035238
27 0.035205
28 0.035151
29 0.035023
30 0.035240
31 0.036815
32 0.035087
33 0.040227
34 0.034810
35 0.034729
36 0.034854
37 0.034816
38 0.034743
39 0.034909
40 0.034841
41 0.034792
42 0.034730
43 0.034718
44 0.034762
45 0.034794
46 0.034786
47 0.034862
48 0.034906
49 0.034780
50 0.034702
51 0.034748
52 0.034809
53 0.034755
54 0.034680
55 0.034801
56 0.034711
57 0.034816
58 0.034718
59 0.034847
60 0.034826
61 0.034827
62 0.034841
63 0.033415
64 0.033267
65 0.033275
66 0.033199
67 0.033258
68 0.033652
69 0.034013
70 0.034147
71 0.034160
72 0.034248
73 0.034199
74 0.034239
75 0.034182
76 0.034182
77 0.034181
78 0.034134
79 0.034039
80 0.034125
81 0.034238
82 0.034268
83 0.034276
84 0.033457
85 0.033171
86 0.033178
87 0.033188
88 0.033133
89 0.032987
90 0.033001
91 0.032989
92 0.032985
93 0.032989
94 0.032911
95 0.032969
96 0.033103
97 0.033027
98 0.033010
99 0.033047
100 0.032876
