0 0.287398
1 0.093621
2 0.101651
3 0.103191
4 0.097027
5 0.098962
6 0.096331
7 0.091591
8 0.102547
9 0.102817
10 0.093020
11 0.104903
12 0.103848
13 0.098576
14 0.104792
15 0.103924
16 0.090026
17 0.089818
18 0.089770
19 0.089593
20 0.088686
21 0.103822
22 0.103296
23 0.101380
24 0.092995
25 0.105711
26 0.092242
27 0.089212
28 0.089107
29 0.079480
30 0.103741
31 0.098110
32 0.104563
33 0.105243
34 0.092868
35 0.097453
36 0.087561
37 0.087885
38 0.096575
39 0.087191
40 0.098722
41 0.088140
42 0.106209
43 0.105628
44 0.140322
45 0.105388
46 0.093253
47 0.103848
48 0.096803
49 0.104058
50 0.100026
51 0.092999
52 0.090546
53 0.092240
54 0.099501
55 0.094160
56 0.099600
57 0.104176
58 0.101996
59 0.098393
60 0.097034
61 0.138252
62 0.094193
63 0.084817
64 0.084833
65 0.087962
66 0.084382
67 0.090652
68 0.106711
69 0.097272
70 0.094288
71 0.096112
72 0.095776
73 0.095915
74 0.092264
75 0.095605
76 0.100325
77 0.089803
78 0.097489
79 0.096637
80 0.092263
81 0.093875
82 0.083070
83 0.092110
84 0.141901
85 0.099827
86 0.098029
87 0.097305
88 0.099076
89 0.092721
90 0.089355
91 0.088526
92 0.091603
93 0.094119
94 0.098521
95 0.078354
96 0.092489
97 0.097634
98 0.097448
99 0.097783
100 0.087338
