0 0.650239
1 0.104110
2 0.101092
3 0.101058
4 0.100190
5 0.101920
6 0.101843
7 0.097821
8 0.099602
9 0.098310
10 0.098255
11 0.098627
12 0.100760
13 0.099626
14 0.096883
15 0.098219
16 0.088526
17 0.087393
18 0.089344
19 0.087272
20 0.089944
21 0.095376
22 0.098399
23 0.100888
24 0.100049
25 0.101369
26 0.100119
27 0.099904
28 0.102242
29 0.104213
30 0.102619
31 0.103073
32 0.103671
33 0.103112
34 0.103340
35 0.102048
36 0.103216
37 0.102437
38 0.102510
39 0.102632
40 0.101827
41 0.091537
42 0.092696
43 0.094337
44 0.095362
45 0.093666
46 0.094430
47 0.093815
48 0.093930
49 0.094085
50 0.095129
51 0.093744
52 0.093771
53 0.094427
54 0.094723
55 0.094772
56 0.095019
57 0.095428
58 0.094852
59 0.092777
60 0.092147
61 0.092756
62 0.094849
63 0.092654
64 0.092105
65 0.091776
66 0.091656
67 0.092919
68 0.092005
69 0.093100
70 0.093127
71 0.091507
72 0.091530
73 0.091849
74 0.092602
75 0.091971
76 0.093110
77 0.092382
78 0.092930
79 0.091911
80 0.091893
81 0.092221
82 0.092815
83 0.091979
84 0.091988
85 0.092264
86 0.085278
87 0.091249
88 0.090087
89 0.090847
90 0.091767
91 0.090338
92 0.090483
93 0.093866
94 0.099752
95 0.099513
96 0.099002
97 0.100047
98 0.099276
99 0.101313
100 0.092705
