0 0.087842
1 0.039708
2 0.036273
3 0.037083
4 0.037498
5 0.036810
6 0.036046
7 0.042198
8 0.035745
9 0.035939
10 0.036015
11 0.035825
12 0.035761
13 0.036358
14 0.036707
15 0.042115
16 0.036428
17 0.036570
18 0.036578
19 0.036629
20 0.036570
21 0.035656
22 0.035817
23 0.035960
24 0.035996
25 0.036286
26 0.035957
27 0.036070
28 0.038236
29 0.035982
30 0.035970
31 0.035870
32 0.035715
33 0.035911
34 0.035807
35 0.035805
36 0.035866
37 0.035717
38 0.035834
39 0.035885
40 0.035740
41 0.035906
42 0.035761
43 0.035763
44 0.035909
45 0.035916
46 0.035778
47 0.035800
48 0.035769
49 0.035740
50 0.035671
51 0.035827
52 0.035819
53 0.035641
54 0.035708
55 0.035679
56 0.035696
57 0.035735
58 0.035735
59 0.035775
60 0.035709
61 0.035679
62 0.035749
63 0.035514
64 0.035614
65 0.035550
66 0.035595
67 0.035434
68 0.035615
69 0.035491
70 0.035508
71 0.035485
72 0.035459
73 0.035481
74 0.035517
75 0.035539
76 0.035578
77 0.035850
78 0.035490
79 0.035675
80 0.035708
81 0.035670
82 0.035626
83 0.035557
84 0.035546
85 0.035521
86 0.035575
87 0.035532
88 0.035536
89 0.035506
90 0.035501
91 0.035502
92 0.035613
93 0.035546
94 0.035481
95 0.035462
96 0.035432
97 0.035407
98 0.035406
99 0.035506
100 0.034230
