0 0.136539
1 0.100784
2 0.075840
3 0.076704
4 0.076708
5 0.069251
6 0.069176
7 0.069525
8 0.069436
9 0.069273
10 0.069307
11 0.069458
12 0.069404
13 0.069549
14 0.069416
15 0.069434
16 0.069229
17 0.069373
18 0.069463
19 0.069155
20 0.069524
21 0.069405
22 0.069252
23 0.070088
24 0.069504
25 0.069793
26 0.069502
27 0.069530
28 0.069159
29 0.069192
30 0.069014
31 0.068983
32 0.069162
33 0.069227
34 0.069321
35 0.069088
36 0.069170
37 0.068986
38 0.068949
39 0.069429
40 0.069120
41 0.068875
42 0.069134
43 0.068907
44 0.068977
45 0.068899
46 0.067831
47 0.067681
48 0.068665
49 0.067795
50 0.067684
51 0.067647
52 0.067796
53 0.067962
54 0.067943
55 0.067983
56 0.074682
57 0.067570
58 0.068349
59 0.067657
60 0.067763
61 0.067838
62 0.067616
63 0.067706
64 0.067698
65 0.067641
66 0.067788
67 0.067715
68 0.067604
69 0.067298
70 0.067630
71 0.067613
72 0.067537
73 0.067485
74 0.067526
75 0.067730
76 0.067281
77 0.067588
78 0.067794
79 0.067626
80 0.067626
81 0.067719
82 0.067747
83 0.067712
84 0.067639
85 0.067669
86 0.067545
87 0.067762
88 0.067686
89 0.067626
90 0.067957
91 0.067715
92 0.067654
93 0.067655
94 0.067617
95 0.067781
96 0.067608
97 0.067736
98 0.067247
99 0.066176
100 0.064343
