0 0.074085
1 0.055432
2 0.035578
3 0.034502
4 0.034649
5 0.034613
6 0.034761
7 0.034603
8 0.034681
9 0.034702
10 0.035515
11 0.034635
12 0.034727
13 0.034725
14 0.034780
15 0.034718
16 0.034689
17 0.034754
18 0.034728
19 0.034798
20 0.034717
21 0.034689
22 0.034832
23 0.034793
24 0.034654
25 0.034676
26 0.034686
27 0.034712
28 0.034842
29 0.034745
30 0.034693
31 0.034687
32 0.035068
33 0.039582
34 0.034796
35 0.034888
36 0.034688
37 0.034715
38 0.034684
39 0.034637
40 0.034733
41 0.034646
42 0.034727
43 0.034716
44 0.034704
45 0.034814
46 0.034674
47 0.034708
48 0.034573
49 0.034722
50 0.034714
51 0.034678
52 0.034864
53 0.034600
54 0.034715
55 0.035142
56 0.034636
57 0.034695
58 0.034729
59 0.034717
60 0.034619
61 0.034673
62 0.034556
63 0.034695
64 0.034669
65 0.034621
66 0.034689
67 0.034594
68 0.034594
69 0.034532
70 0.034619
71 0.034628
72 0.034794
73 0.034615
74 0.034548
75 0.034587
76 0.034579
77 0.034631
78 0.034652
79 0.034651
80 0.035908
81 0.034644
82 0.034542
83 0.034657
84 0.034690
85 0.034617
86 0.034616
87 0.034637
88 0.034631
89 0.034594
90 0.034633
91 0.035643
92 0.034624
93 0.034650
94 0.034585
95 0.034652
96 0.034520
97 0.034647
98 0.034591
99 0.034574
100 0.032858
