0 0.235003
1 0.093506
2 0.094364
3 0.077702
4 0.080873
5 0.078488
6 0.080634
7 0.080901
8 0.080627
9 0.080941
10 0.078696
11 0.080872
12 0.078434
13 0.080918
14 0.078609
15 0.079598
16 0.081142
17 0.078398
18 0.081100
19 0.078570
20 0.094198
21 0.095369
22 0.093712
23 0.093181
24 0.081871
25 0.081802
26 0.081288
27 0.081359
28 0.080627
29 0.082620
30 0.082026
31 0.081983
32 0.081278
33 0.081943
34 0.081756
35 0.082573
36 0.082160
37 0.081889
38 0.081066
39 0.081378
40 0.080683
41 0.081299
42 0.081078
43 0.083370
44 0.082773
45 0.085341
46 0.083159
47 0.076929
48 0.094403
49 0.089833
50 0.090727
51 0.090478
52 0.091161
53 0.089907
54 0.079281
55 0.092076
56 0.090604
57 0.092643
58 0.089471
59 0.089768
60 0.089858
61 0.089265
62 0.089579
63 0.084081
64 0.083661
65 0.084260
66 0.083847
67 0.084197
68 0.084069
69 0.083998
70 0.083745
71 0.083668
72 0.083814
73 0.083702
74 0.083778
75 0.083908
76 0.083686
77 0.083441
78 0.083718
79 0.083715
80 0.085115
81 0.083691
82 0.084195
83 0.083589
84 0.083760
85 0.084034
86 0.083869
87 0.083676
88 0.083769
89 0.083823
90 0.083843
91 0.083710
92 0.083727
93 0.083694
94 0.083854
95 0.083825
96 0.083662
97 0.083671
98 0.083988
99 0.083868
100 0.082722
