0 0.066387
1 0.036954
2 0.034022
3 0.033934
4 0.034051
5 0.034013
6 0.034263
7 0.034199
8 0.034124
9 0.034312
10 0.035704
11 0.033841
12 0.033323
13 0.033412
14 0.033308
15 0.033393
16 0.033398
17 0.033255
18 0.033296
19 0.034029
20 0.034046
21 0.033900
22 0.033925
23 0.033809
24 0.033828
25 0.035313
26 0.034352
27 0.034352
28 0.033856
29 0.033777
30 0.033758
31 0.033674
32 0.035565
33 0.036703
34 0.033817
35 0.033661
36 0.033695
37 0.033707
38 0.033689
39 0.033710
40 0.033699
41 0.033693
42 0.033746
43 0.033758
44 0.033727
45 0.033705
46 0.034708
47 0.033653
48 0.033852
49 0.033148
50 0.033897
51 0.033873
52 0.033883
53 0.033614
54 0.033687
55 0.033633
56 0.034293
57 0.033791
58 0.033700
59 0.033644
60 0.033706
61 0.033705
62 0.033671
63 0.033014
64 0.032938
65 0.033015
66 0.033080
67 0.033372
68 0.033040
69 0.032987
70 0.033089
71 0.033043
72 0.033286
73 0.032941
74 0.033013
75 0.033004
76 0.033031
77 0.033009
78 0.033054
79 0.033120
80 0.034603
81 0.033025
82 0.033120
83 0.033006
84 0.033036
85 0.033067
86 0.033038
87 0.032989
88 0.033030
89 0.032984
90 0.033002
91 0.033195
92 0.033051
93 0.033018
94 0.033013
95 0.033047
96 0.034240
97 0.033064
98 0.033049
99 0.033009
100 0.032992
