0 0.622834
1 0.111054
2 0.096720
3 0.097104
4 0.097852
5 0.096973
6 0.096742
7 0.101569
8 0.096115
9 0.095877
10 0.094361
11 0.094487
12 0.096794
13 0.095754
14 0.096386
15 0.095498
16 0.095228
17 0.096654
18 0.096830
19 0.096574
20 0.096312
21 0.096818
22 0.095406
23 0.094607
24 0.095040
25 0.094770
26 0.095073
27 0.095775
28 0.094868
29 0.096208
30 0.097117
31 0.095844
32 0.095067
33 0.094786
34 0.095725
35 0.098364
36 0.096229
37 0.096872
38 0.110321
39 0.095809
40 0.095642
41 0.095775
42 0.095662
43 0.094799
44 0.094761
45 0.094616
46 0.087958
47 0.087613
48 0.090006
49 0.089519
50 0.090952
51 0.089170
52 0.088735
53 0.088823
54 0.088935
55 0.087924
56 0.089869
57 0.089045
58 0.090292
59 0.088278
60 0.088816
61 0.088299
62 0.102780
63 0.087530
64 0.087198
65 0.087630
66 0.087509
67 0.086734
68 0.087967
69 0.087753
70 0.087358
71 0.087974
72 0.087525
73 0.088001
74 0.087006
75 0.087746
76 0.087650
77 0.087853
78 0.087026
79 0.087062
80 0.086752
81 0.088227
82 0.087188
83 0.087631
84 0.087822
85 0.088012
86 0.095372
87 0.095295
88 0.093054
89 0.093407
90 0.093548
91 0.092429
92 0.092902
93 0.093601
94 0.093114
95 0.093461
96 0.093059
97 0.093299
98 0.093046
99 0.093198
100 0.089064
