0 0.097676
1 0.042930
2 0.036237
3 0.036253
4 0.036263
5 0.036176
6 0.036168
7 0.036174
8 0.036086
9 0.036204
10 0.038181
11 0.038694
12 0.035928
13 0.035832
14 0.035854
15 0.035876
16 0.035954
17 0.035916
18 0.035881
19 0.035893
20 0.035975
21 0.035989
22 0.036037
23 0.036103
24 0.036112
25 0.037782
26 0.035980
27 0.035983
28 0.035993
29 0.036002
30 0.036025
31 0.036060
32 0.036051
33 0.038171
34 0.039687
35 0.036045
36 0.036049
37 0.036002
38 0.036007
39 0.036183
40 0.036064
41 0.036063
42 0.036165
43 0.036032
44 0.036062
45 0.036602
46 0.036053
47 0.036107
48 0.036109
49 0.036169
50 0.035972
51 0.036041
52 0.035980
53 0.036012
54 0.036067
55 0.036154
56 0.036866
57 0.036546
58 0.036103
59 0.036027
60 0.036196
61 0.036068
62 0.036078
63 0.035888
64 0.035825
65 0.035823
66 0.035729
67 0.035684
68 0.035672
69 0.035690
70 0.035760
71 0.035712
72 0.035748
73 0.035740
74 0.034230
75 0.034686
76 0.034188
77 0.034287
78 0.034294
79 0.034266
80 0.034330
81 0.034267
82 0.034231
83 0.034264
84 0.034241
85 0.034210
86 0.034212
87 0.034219
88 0.034253
89 0.034268
90 0.034360
91 0.034216
92 0.034156
93 0.034278
94 0.034280
95 0.034276
96 0.034299
97 0.034140
98 0.034156
99 0.034284
100 0.034062
